3005200,'1',548,,17750,10,,,0,6,,17753,10,,,0,47,,17757,10,,,0,6,,17759,10,,,0,6,,17761,10,,,0,6,,17763,10,,,0,6,,17765,10,,,0,3,,17766,10,,,0,4,,17767,10,,,0,3,,17768,10,,,0,3,,17769,10,,,0,3,,17770,10,,,0,3,,17771,10,,,0,4,,17772,10,,,0,2,,17773,10,,,0,3,,17774,10,,,0,2,,17775,10,,,0,45,,17776,10,,,0,2,,17777,10,,,0,3,,17778,10,,,0,3,,17779,10,,,0,4,,17780,10,,,0,2,,17781,10,,,0,3,,17782,10,,,0,3,,17783,10,,,0,4,,17784,10,,,0,2,,17785,10,,,0,3,,17786,10,,,0,4,,17787,10,,,0,3,,17788,10,,,0,3,,17789,10,,,0,3,,17790,10,,,0,3,,17791,10,,,0,4,,17792,10,,,0,2,,17793,10,,,0,3,,17794,10,,,0,2,,17795,10,,,0,45,,17796,10,,,0,2,,17797,10,,,0,3,,17798,10,,,0,3,,17799,10,,,0,4,,17800,10,,,0,2,,17801,10,,,0,3,,17802,10,,,0,3,,17803,10,,,0,4,,17804,10,,,0,2,,17805,10,,,0,3,,17806,10,,,0,4,,17807,10,,,0,3,,17808,10,,,0,3,,17809,10,,,0,3,,17810,10,,,0,3,,17811,10,,,0,4,,17812,10,,,0,2,,17813,10,,,0,3,,17814,10,,,0,3,,17815,10,,,0,44,,17816,10,,,0,2,,17817,10,,,0,3,,17818,10,,,0,3,,17819,10,,,0,4,,17820,10,,,0,2,,17821,10,,,0,3,,17822,10,,,0,3,,17823,10,,,0,4,,17824,10,,,0,2,,17825,10,,,0,3,,17826,10,,,0,4,,17827,10,,,0,4,,17828,10,,,0,3,,17829,10,,,0,3,,17830,10,,,0,2,,17831,10,,,0,5,,17832,10,,,0,5,,17833,10,,,0,46,,17834,10,,,0,5,,17835,10,,,0,6,,17836,10,,,0,6,,17837,10,,,0,6,,17838,10,,,0,6,,17839,10,,,0,6,,17840,10,,,0,6,,17841,10,,,0,6,,17842,10,,,0,6,,17843,10,,,0,46,,17844,10,,,0,6,,17845,10,,,0,6,,17846,10,,,0,6,,17847,10,,,0,6,,17848,10,,,0,6,,17849,10,,,0,6,,17850,10,,,0,6,,17851,10,,,0,6,,17852,10,,,0,6,,17853,10,,,0,46,,17854,10,,,0,6,,17855,10,,,0,6,,17856,10,,,0,6,,17857,10,,,0,6,,17858,10,,,0,6,,17859,10,,,0,6,,17860,10,,,0,6,,17861,10,,,0,6,,17862,10,,,0,6,,17863,10,,,0,46,,17864,10,,,0,6,,17865,10,,,0,6,,17866,10,,,0,6,,17867,10,,,0,6,,17868,10,,,0,6,,17869,10,,,0,6,,17870,10,,,0,6,,17871,10,,,0,6,,17872,10,,,0,6,,17873,10,,,0,46,,17874,10,,,0,6,,17875,10,,,0,6,,17876,10,,,0,6,,17877,10,,,0,6,,17878,10,,,0,6,,17879,10,,,0,6,,17880,10,,,0,6,,17881,10,,,0,6,,17882,10,,,0,6,,17883,10,,,0,46,,17884,10,,,0,5,,17885,10,,,0,4,,17886,10,,,0,4,,17887,10,,,0,3,,17888,10,,,0,3,,17889,10,,,0,2,,17890,10,,,0,4,,17891,10,,,0,3,,17892,10,,,0,3,,17893,10,,,0,3,,17894,10,,,0,4,,17895,10,,,0,2,,17896,10,,,0,3,,17897,10,,,0,3,,17898,10,,,0,4,,17899,10,,,0,3,,17900,10,,,0,3,,17901,10,,,0,42,,17902,10,,,0,4,,17903,10,,,0,3,,17904,10,,,0,2,,17905,10,,,0,3,,17906,10,,,0,4,,17907,10,,,0,3,,17908,10,,,0,3,,17909,10,,,0,3,,17910,10,,,0,4,,17911,10,,,0,2,,17912,10,,,0,3,,17913,10,,,0,3,,17914,10,,,0,4,,17915,10,,,0,2,,17916,10,,,0,3,,17917,10,,,0,3,,17918,10,,,0,4,,17919,10,,,0,3,,17920,10,,,0,3,,17921,10,,,0,42,,17922,10,,,0,4,,17923,10,,,0,3,,17924,10,,,0,2,,17925,10,,,0,3,,17926,10,,,0,4,,17927,10,,,0,3,,17928,10,,,0,3,,17929,10,,,0,3,,17930,10,,,0,4,,17931,10,,,0,2,,17932,10,,,0,3,,17933,10,,,0,3,,17934,10,,,0,4,,17935,10,,,0,2,,17936,10,,,0,3,,17937,10,,,0,3,,17938,10,,,0,4,,17939,10,,,0,3,,17940,10,,,0,43,,17941,10,,,0,2,,17942,10,,,0,5,,17943,10,,,0,2,,17944,10,,,0,2,,17945,10,,,0,3,,17946,10,,,0,5,,17947,10,,,0,2,,17948,10,,,0,2,,17949,10,,,0,3,,17950,10,,,0,5,,17951,10,,,0,3,,17952,10,,,0,2,,17953,10,,,0,2,,17954,10,,,0,5,,17955,10,,,0,3,,17956,10,,,0,2,,17957,10,,,0,3,,17958,10,,,0,4,,17959,10,,,0,2,,17960,10,,,0,43,,17961,10,,,0,3,,17962,10,,,0,4,,17963,10,,,0,2,,17964,10,,,0,3,,17965,10,,,0,3,,17966,10,,,0,4,,17967,10,,,0,2,,17968,10,,,0,3,,17969,10,,,0,3,,17970,10,,,0,4,,17971,10,,,0,6,,17972,10,,,0,5,,17973,10,,,0,6,,17974,10,,,0,6,,17975,10,,,0,46,,17976,10,,,0,6,,17977,10,,,0,6,,17978,10,,,0,6,,17979,10,,,0,6,,17980,10,,,0,6,,17981,10,,,0,6,,17982,10,,,0,6,,17983,10,,,0,6,,17984,10,,,0,6,,17985,10,,,0,46,,17986,10,,,0,6,,17987,10,,,0,6,,17988,10,,,0,6,,17989,10,,,0,6,,17990,10,,,0,6,,17991,10,,,0,6,,17992,10,,,0,6,,17993,10,,,0,6,,17994,10,,,0,6,,17995,10,,,0,46,,17996,10,,,0,6,,17997,10,,,0,334,,17998,10,,,0,7,,17999,10,0,8 9 10,0
3005200,'1101',2213,,17693,10,,,0,7,,17694,10,,,0,9,,17695,10,,,0,12,,17696,10,,,0,12,,17697,10,,,0,52,,17698,10,,,0,12,,17699,10,,,0,12,,17700,10,,,0,12,,17701,10,,,0,12,,17702,10,,,0,52,,17703,10,,,0,12,,17704,10,,,0,14,,17705,10,,,0,11,,17706,10,,,0,11,,17707,10,,,0,52,,17708,10,,,0,12,,17709,10,,,0,12,,17710,10,,,0
3005200,'1201',2212,,17711,10,,,0,6,,17712,10,,,0,4,,17713,10,,,0,7,,17714,10,,,0,8,,17715,10,,,0,8,,17716,10,,,0,8,,17717,10,,,0,48,,17718,10,,,0,8,,17719,10,,,0,8,,17720,10,,,0,8,,17721,10,,,0,8,,17722,10,,,0,8,,17723,10,,,0,8,,17724,10,,,0,8,,17725,10,,,0,48,,17726,10,,,0,8,,17727,10,,,0,9,,17728,10,,,0,9,,17729,10,,,0,7,,17730,10,,,0,9,,17731,10,,,0,8,,17732,10,,,0,47,,17733,10,,,0,9,,17734,10,,,0,8,,17735,10,,,0,6,,17736,10,,,0,7,,17737,10,,,0
3005200,'2',647,,18007,10,,,0,5,,18009,10,,,0,49,,18010,10,,,0,9,,18011,10,,,0,7,,18012,10,,,0,8,,18013,10,,,0,9,,18014,10,,,0,7,,18015,10,,,0,8,,18016,10,,,0,9,,18017,10,,,0,47,,18018,10,,,0,8,,18019,10,,,0,9,,18020,10,,,0,7,,18022,10,,,0,8,,18023,10,,,0,9,,18024,10,,,0,7,,18026,10,,,0,48,,18027,10,,,0,9,,18028,10,,,0,7,,18030,10,,,0,6,,18031,10,,,0,6,,18032,10,,,0,6,,18033,10,,,0,6,,18034,10,,,0,6,,18035,10,,,0,6,,18036,10,,,0,6,,18037,10,,,0,46,,18038,10,,,0,6,,18039,10,,,0,6,,18040,10,,,0,6,,18041,10,,,0,6,,18042,10,,,0,6,,18043,10,,,0,6,,18044,10,,,0,6,,18045,10,,,0,6,,18046,10,,,0,6,,18047,10,,,0,46,,18048,10,,,0,6,,18049,10,,,0,6,,18050,10,,,0,6,,18051,10,,,0,6,,18052,10,,,0,6,,18053,10,,,0,6,,18054,10,,,0,6,,18055,10,,,0,6,,18056,10,,,0,6,,18057,10,,,0,46,,18058,10,,,0,6,,18059,10,,,0,6,,18060,10,,,0,6,,18061,10,,,0,6,,18062,10,,,0,6,,18063,10,,,0,6,,18064,10,,,0,6,,18065,10,,,0,6,,18066,10,,,0,6,,18067,10,,,0,46,,18068,10,,,0,6,,18069,10,,,0,6,,18070,10,,,0,6,,18071,10,,,0,6,,18072,10,,,0,6,,18073,10,,,0,6,,18074,10,,,0,6,,18075,10,,,0,6,,18076,10,,,0,6,,18077,10,,,0,46,,18078,10,,,0,6,,18079,10,,,0,6,,18080,10,,,0,6,,18081,10,,,0,6,,18082,10,,,0,6,,18083,10,,,0,6,,18084,10,,,0,6,,18085,10,,,0,6,,18086,10,,,0,6,,18087,10,,,0,46,,18088,10,,,0,6,,18089,10,,,0,6,,18090,10,,,0,6,,18091,10,,,0,6,,18092,10,,,0,6,,18093,10,,,0,6,,18094,10,,,0,6,,18095,10,,,0,6,,18096,10,,,0,6,,18097,10,,,0,46,,18098,10,,,0,6,,18099,10,,,0,6,,18100,10,,,0,6,,18101,10,,,0,6,,18102,10,,,0,6,,18103,10,,,0,6,,18104,10,,,0,6,,18105,10,,,0,6,,18106,10,,,0,6,,18107,10,,,0,46,,18108,10,,,0,6,,18109,10,,,0,6,,18110,10,,,0,6,,18111,10,,,0,6,,18112,10,,,0,6,,18113,10,,,0,6,,18114,10,,,0,6,,18115,10,,,0,6,,18116,10,,,0,6,,18117,10,,,0,46,,18118,10,,,0,6,,18119,10,,,0,6,,18120,10,,,0,6,,18121,10,,,0,6,,18122,10,,,0,6,,18123,10,,,0,6,,18124,10,,,0,6,,18125,10,,,0,6,,18126,10,,,0,6,,18127,10,,,0,46,,18128,10,,,0,6,,18129,10,,,0,6,,18130,10,,,0,6,,18131,10,,,0,6,,18132,10,,,0,6,,18133,10,,,0,6,,18134,10,,,0,6,,18135,10,,,0,6,,18136,10,,,0,6,,18137,10,,,0,46,,18138,10,,,0,6,,18139,10,,,0,6,,18140,10,,,0,6,,18141,10,,,0,6,,18142,10,,,0,6,,18143,10,,,0,6,,18144,10,,,0,6,,18145,10,,,0,6,,18146,10,,,0,6,,18147,10,,,0,46,,18148,10,,,0,6,,18149,10,,,0,6,,18150,10,,,0,6,,18151,10,,,0,6,,18152,10,,,0,6,,18153,10,,,0,6,,18154,10,,,0,6,,18155,10,,,0,6,,18156,10,,,0,48,,18157,10,,,0,8,,18158,10,,,0,8,,18159,10,,,0,8,,18160,10,,,0,8,,18161,10,,,0,8,,18162,10,,,0,8,,18163,10,,,0,8,,18164,10,,,0,48,,18165,10,,,0,8,,18166,10,,,0,8,,18167,10,,,0,8,,18168,10,,,0,8,,18169,10,,,0,8,,18170,10,,,0,8,,18171,10,,,0,48,,18172,10,,,0,8,,18173,10,,,0,8,,18174,10,,,0,8,,18175,10,,,0,8,,18176,10,,,0,8,,18177,10,,,0,8,,18178,10,,,0,8,,18179,10,,,0,48,,18180,10,,,0,8,,18181,10,,,0,8,,18182,10,,,0,9,,18183,10,,,0,10,,18184,10,,,0,7,,18185,10,0,8 9 10,0
3005200,'3',748,,18194,10,,,0,6,,18196,10,,,0,48,,18197,10,,,0,8,,18198,10,,,0,8,,18199,10,,,0,8,,18200,10,,,0,8,,18201,10,,,0,8,,18202,10,,,0,8,,18203,10,,,0,8,,18204,10,,,0,48,,18206,10,,,0,8,,18207,10,,,0,9,,18209,10,,,0,5,,18210,10,,,0,6,,18211,10,,,0,6,,18212,10,,,0,6,,18213,10,,,0,6,,18214,10,,,0,7,,18215,10,,,0,45,,18216,10,,,0,6,,18217,10,,,0,6,,18218,10,,,0,6,,18219,10,,,0,6,,18220,10,,,0,6,,18221,10,,,0,6,,18222,10,,,0,6,,18223,10,,,0,6,,18224,10,,,0,6,,18225,10,,,0,46,,18226,10,,,0,6,,18227,10,,,0,6,,18228,10,,,0,6,,18229,10,,,0,6,,18230,10,,,0,6,,18231,10,,,0,6,,18232,10,,,0,6,,18233,10,,,0,6,,18234,10,,,0,6,,18235,10,,,0,46,,18236,10,,,0,6,,18237,10,,,0,6,,18238,10,,,0,6,,18239,10,,,0,6,,18240,10,,,0,6,,18241,10,,,0,6,,18242,10,,,0,6,,18243,10,,,0,6,,18244,10,,,0,6,,18245,10,,,0,46,,18246,10,,,0,6,,18247,10,,,0,6,,18248,10,,,0,6,,18249,10,,,0,6,,18250,10,,,0,6,,18251,10,,,0,6,,18252,10,,,0,6,,18253,10,,,0,6,,18254,10,,,0,6,,18255,10,,,0,46,,18256,10,,,0,6,,18257,10,,,0,6,,18258,10,,,0,6,,18259,10,,,0,6,,18260,10,,,0,6,,18261,10,,,0,6,,18262,10,,,0,6,,18263,10,,,0,6,,18264,10,,,0,6,,18265,10,,,0,46,,18266,10,,,0,6,,18267,10,,,0,6,,18268,10,,,0,6,,18269,10,,,0,6,,18270,10,,,0,6,,18271,10,,,0,6,,18272,10,,,0,6,,18273,10,,,0,6,,18274,10,,,0,6,,18275,10,,,0,46,,18276,10,,,0,6,,18277,10,,,0,6,,18278,10,,,0,6,,18279,10,,,0,6,,18280,10,,,0,6,,18281,10,,,0,6,,18282,10,,,0,6,,18283,10,,,0,6,,18284,10,,,0,6,,18285,10,,,0,46,,18286,10,,,0,6,,18287,10,,,0,6,,18288,10,,,0,6,,18289,10,,,0,6,,18290,10,,,0,6,,18291,10,,,0,6,,18292,10,,,0,6,,18293,10,,,0,6,,18294,10,,,0,6,,18295,10,,,0,46,,18296,10,,,0,6,,18297,10,,,0,6,,18298,10,,,0,6,,18299,10,,,0,6,,18300,10,,,0,6,,18301,10,,,0,6,,18302,10,,,0,6,,18303,10,,,0,6,,18304,10,,,0,6,,18305,10,,,0,46,,18306,10,,,0,6,,18307,10,,,0,6,,18308,10,,,0,6,,18309,10,,,0,6,,18310,10,,,0,6,,18311,10,,,0,6,,18312,10,,,0,6,,18313,10,,,0,6,,18314,10,,,0,6,,18315,10,,,0,46,,18316,10,,,0,6,,18317,10,,,0,6,,18318,10,,,0,6,,18319,10,,,0,6,,18320,10,,,0,6,,18321,10,,,0,6,,18322,10,,,0,6,,18323,10,,,0,6,,18324,10,,,0,7,,18325,10,,,0,47,,18326,10,,,0,6,,18327,10,,,0,6,,18328,10,,,0,7,,18329,10,,,0,8,,18330,10,,,0,5,,18331,10,,,0,7,,18332,10,,,0,6,,18333,10,,,0,6,,18334,10,,,0,49,,18335,10,,,0,6,,18336,10,,,0,5,,18337,10,,,0,6,,18338,10,,,0,6,,18339,10,,,0,12,,18340,10,,,0,12,,18341,10,,,0,52,,18342,10,,,0,12,,18343,10,,,0,12,,18344,10,,,0,12,,18345,10,,,0,12,,18346,10,,,0,52,,18347,10,,,0,11,,18348,10,,,0,13,,18349,10,,,0,11,,18350,10,,,0,7,,18351,10,0,8 9 10,0
3005301,'1',508,,20290,1,,,0,6,,20296,1,,,0,6,,20298,1,,,0,12,,20303,1,,,0,12,,20307,1,,,0,12,,20312,1,,,0,53,,20317,1,,,0,12,,20322,1,,,0,12,,20328,1,,,0,12,,20334,1,,,0,12,,20340,1,,,0,52,,20346,1,,,0,13,,20352,1,,,0,12,,20358,1,,,0,12,,20364,1,,,0,12,,20370,1,,,0,52,,20376,1,,,0,13,,20382,1,,,0,12,,20388,1,,,0,12,,20394,1,,,0,12,,20400,1,,,0,52,,20405,1,,,0,13,,20410,1,,,0,12,,20415,1,,,0,12,,20419,1,,,0,52,,20423,1,,,0,12,,20427,1,,,0,13,,20431,1,,,0,11,,20435,1,,,0,12,,20439,1,,,0,52,,20443,1,,,0,12,,20447,1,,,0,12,,20451,1,,,0,12,,20455,1,,,0,12,,20459,1,,,0,52,,20463,1,,,0,12,,20467,1,,,0,12,,20471,1,,,0,12,,20475,1,,,0,12,,20479,1,,,0,52,,20483,1,,,0,12,,20487,1,,,0,12,,20491,1,,,0,12,,20495,1,,,0,12,,20499,1,,,0,52,,20503,1,,,0,12,,20507,1,,,0,12,,20512,1,,,0,12,,20518,1,,,0,12,,20524,1,,,0,52,,20530,1,,,0,12,,20536,1,,,0,13,,20542,1,,,0,13,,20548,1,,,0,11,,20554,1,,,0,53,,20560,1,,,0,12,,20566,1,,,0,12,,20572,1,,,0,12,,20578,1,,,0,12,,20584,1,,,0,53,,20590,1,,,0,12,,20596,1,,,0,12,,20602,1,,,0,12,,20608,1,,,0,12,,20614,1,,,0,53,,20620,1,,,0,12,,20626,1,,,0,12,,20632,1,,,0,12,,20637,1,,,0,12,,20641,1,,,0,52,,20645,1,,,0,12,,20649,1,,,0,14,,20653,1,,,0,10,,20657,1,,,0,12,,20661,1,,,0,52,,20665,1,,,0,12,,20669,1,,,0,12,,20673,1,,,0,12,,20677,1,,,0,475,,20678,1,0,13 14,0,13,,20681,1,0,13 14,0
3005301,'1101',2051,,20171,1,,,0,53,,20173,1,,,0,11,,20175,1,,,0,12,,20177,1,,,0,12,,20179,1,,,0,12,,20181,1,,,0,52,,20183,1,,,0,12,,20185,1,,,0,12,,20187,1,,,0,12,,20189,1,,,0,12,,20191,1,,,0,52,,20193,1,,,0,12,,20195,1,,,0,12,,20197,1,,,0,12,,20199,1,,,0,12,,20201,1,,,0,52,,20203,1,,,0,12,,20205,1,,,0,15,,20207,1,,,0,10,,20209,1,0,13 14,0,11,,20211,1,0,13 14,0,52,,20213,1,0,13 14,0
3005301,'1201',2052,,20218,1,,,0,52,,20222,1,,,0,12,,20226,1,,,0,12,,20230,1,,,0,12,,20233,1,,,0,12,,20236,1,,,0,52,,20239,1,,,0,12,,20242,1,,,0,12,,20245,1,,,0,12,,20248,1,,,0,12,,20251,1,,,0,52,,20254,1,,,0,12,,20257,1,,,0,12,,20260,1,,,0,12,,20263,1,,,0,12,,20266,1,,,0,52,,20269,1,,,0,12,,20272,1,,,0,15,,20275,1,,,0,9,,20278,1,0,13 14,0,12,,20281,1,0,13 14,0,52,,20284,1,0,13 14,0
3005301,'2',608,,20685,1,,,0,12,,20688,1,,,0,12,,20691,1,,,0,12,,20694,1,,,0,12,,20697,1,,,0,52,,20700,1,,,0,12,,20703,1,,,0,12,,20706,1,,,0,12,,20709,1,,,0,12,,20712,1,,,0,52,,20715,1,,,0,12,,20719,1,,,0,12,,20723,1,,,0,12,,20727,1,,,0,12,,20731,1,,,0,52,,20735,1,,,0,12,,20739,1,,,0,12,,20743,1,,,0,12,,20747,1,,,0,12,,20751,1,,,0,52,,20755,1,,,0,12,,20759,1,,,0,12,,20763,1,,,0,12,,20767,1,,,0,12,,20771,1,,,0,52,,20775,1,,,0,12,,20779,1,,,0,12,,20783,1,,,0,12,,20787,1,,,0,12,,20791,1,,,0,52,,20795,1,,,0,12,,20799,1,,,0,12,,20803,1,,,0,12,,20807,1,,,0,12,,20811,1,,,0,52,,20815,1,,,0,12,,20819,1,,,0,12,,20823,1,,,0,12,,20827,1,,,0,12,,20831,1,,,0,52,,20835,1,,,0,12,,20839,1,,,0,12,,20843,1,,,0,12,,20847,1,,,0,12,,20851,1,,,0,52,,20855,1,,,0,12,,20859,1,,,0,12,,20863,1,,,0,12,,20867,1,,,0,12,,20871,1,,,0,52,,20875,1,,,0,12,,20879,1,,,0,12,,20883,1,,,0,12,,20887,1,,,0,12,,20891,1,,,0,52,,20895,1,,,0,12,,20899,1,,,0,12,,20903,1,,,0,12,,20907,1,,,0,12,,20911,1,,,0,52,,20915,1,,,0,12,,20919,1,,,0,12,,20923,1,,,0,12,,20927,1,,,0,12,,20931,1,,,0,52,,20935,1,,,0,12,,20939,1,,,0,12,,20943,1,,,0,12,,20947,1,,,0,12,,20951,1,,,0,52,,20955,1,,,0,12,,20959,1,,,0,12,,20963,1,,,0,12,,20967,1,,,0,12,,20971,1,,,0,52,,20975,1,,,0,12,,20979,1,,,0,12,,20983,1,,,0,11,,20986,1,,,0,12,,20989,1,,,0,52,,20992,1,,,0,12,,20995,1,,,0,12,,20998,1,,,0,12,,21001,1,,,0,12,,21004,1,,,0,52,,21007,1,,,0,12,,21010,1,,,0,12,,21013,1,,,0,12,,21016,1,,,0,12,,21019,1,,,0,52,,21022,1,,,0,12,,21025,1,,,0,12,,21028,1,,,0,12,,21031,1,0,13 14,0,12,,21034,1,0,13 14,0,52,,21037,1,0,13 14,0,12,,21040,1,0,13 14,0,12,,21042,1,0,13 14,0
3005301,'3',709,,21047,1,,,0,11,,21050,1,,,0,12,,21053,1,,,0,12,,21056,1,,,0,12,,21059,1,,,0,52,,21062,1,,,0,12,,21065,1,,,0,12,,21068,1,,,0,12,,21071,1,,,0,12,,21074,1,,,0,52,,21077,1,,,0,12,,21081,1,,,0,12,,21085,1,,,0,12,,21089,1,,,0,12,,21093,1,,,0,52,,21097,1,,,0,12,,21101,1,,,0,12,,21105,1,,,0,12,,21109,1,,,0,12,,21113,1,,,0,52,,21117,1,,,0,12,,21121,1,,,0,12,,21125,1,,,0,12,,21129,1,,,0,12,,21133,1,,,0,52,,21137,1,,,0,12,,21141,1,,,0,12,,21145,1,,,0,12,,21149,1,,,0,12,,21153,1,,,0,52,,21157,1,,,0,12,,21161,1,,,0,12,,21165,1,,,0,12,,21169,1,,,0,12,,21173,1,,,0,52,,21177,1,,,0,12,,21181,1,,,0,12,,21185,1,,,0,12,,21189,1,,,0,12,,21193,1,,,0,52,,21197,1,,,0,12,,21201,1,,,0,12,,21205,1,,,0,12,,21209,1,,,0,12,,21213,1,,,0,52,,21217,1,,,0,12,,21221,1,,,0,12,,21225,1,,,0,12,,21229,1,,,0,12,,21233,1,,,0,52,,21237,1,,,0,12,,21241,1,,,0,12,,21245,1,,,0,12,,21249,1,,,0,12,,21253,1,,,0,52,,21257,1,,,0,12,,21261,1,,,0,12,,21265,1,,,0,12,,21269,1,,,0,12,,21273,1,,,0,52,,21277,1,,,0,12,,21281,1,,,0,12,,21285,1,,,0,12,,21289,1,,,0,12,,21293,1,,,0,52,,21297,1,,,0,12,,21301,1,,,0,12,,21305,1,,,0,12,,21309,1,,,0,12,,21312,1,,,0,52,,21315,1,,,0,12,,21317,1,,,0,12,,21319,1,,,0,12,,21321,1,,,0,12,,21323,1,,,0,52,,21325,1,,,0,12,,21327,1,,,0,12,,21329,1,,,0,12,,21331,1,,,0,12,,21333,1,,,0,52,,21335,1,,,0,12,,21337,1,,,0,12,,21339,1,,,0,12,,21341,1,,,0,12,,21343,1,0,13 14,0,52,,21345,1,0,13 14,0,12,,21347,1,0,13 14,0,12,,21349,1,0,13 14,0
