3005201,'1',516,,18398,2,,,0,5,,18399,8,,,0,6,,18400,8,,,0,6,,18401,8,,,0,6,,18402,8,,,0,5,,18403,8,,,0,5,,18404,8,,,0,3,,18405,8,,,0,3,,18406,8,,,0,3,,18407,8,,,0,43,,18408,8,,,0,3,,18409,8,,,0,3,,18410,8,,,0,3,,18411,8,,,0,3,,18412,8,,,0,3,,18413,8,,,0,2,,18414,8,,,0,4,,18415,8,,,0,3,,18416,8,,,0,3,,18417,8,,,0,3,,18418,8,,,0,3,,18419,8,,,0,3,,18420,8,,,0,3,,18421,8,,,0,3,,18422,8,,,0,4,,18423,8,,,0,3,,18424,8,,,0,3,,18425,8,,,0,3,,18426,8,,,0,3,,18427,8,,,0,43,,18428,8,,,0,3,,18429,8,,,0,3,,18430,8,,,0,3,,18431,8,,,0,3,,18432,8,,,0,3,,18433,8,,,0,3,,18434,8,,,0,3,,18435,8,,,0,3,,18436,8,,,0,3,,18437,8,,,0,3,,18438,8,,,0,4,,18439,8,,,0,2,,18440,8,,,0,3,,18441,8,,,0,3,,18442,8,,,0,4,,18443,8,,,0,3,,18444,8,,,0,3,,18445,8,,,0,3,,18446,8,,,0,43,,18447,8,,,0,3,,18448,8,,,0,3,,18449,8,,,0,3,,18450,8,,,0,3,,18451,8,,,0,3,,18452,8,,,0,3,,18453,8,,,0,3,,18454,8,,,0,3,,18455,8,,,0,3,,18456,8,,,0,3,,18457,8,,,0,3,,18458,8,,,0,4,,18459,8,,,0,2,,18460,8,,,0,3,,18461,8,,,0,3,,18462,8,,,0,4,,18463,8,,,0,3,,18464,8,,,0,3,,18465,8,,,0,3,,18466,8,,,0,43,,18467,8,,,0,3,,18468,8,,,0,3,,18469,8,,,0,3,,18470,8,,,0,3,,18471,8,,,0,3,,18472,8,,,0,3,,18473,8,,,0,5,,18474,8,,,0,4,,18475,8,,,0,6,,18476,8,,,0,5,,18477,8,,,0,7,,18478,8,,,0,5,,18479,8,,,0,4,,18480,8,,,0,46,,18481,8,,,0,6,,18482,8,,,0,6,,18483,8,,,0,6,,18484,8,,,0,6,,18485,8,,,0,6,,18486,8,,,0,6,,18487,8,,,0,6,,18488,8,,,0,5,,18489,8,,,0,7,,18490,8,,,0,46,,18491,8,,,0,6,,18492,8,,,0,6,,18493,8,,,0,6,,18494,8,,,0,6,,18495,8,,,0,6,,18496,8,,,0,6,,18497,8,,,0,6,,18498,8,,,0,6,,18499,8,,,0,6,,18500,8,,,0,46,,18501,8,,,0,6,,18502,8,,,0,6,,18503,8,,,0,6,,18504,8,,,0,6,,18505,8,,,0,6,,18506,8,,,0,6,,18507,8,,,0,6,,18508,8,,,0,6,,18509,8,,,0,6,,18510,8,,,0,46,,18511,8,,,0,6,,18512,8,,,0,6,,18513,8,,,0,6,,18514,8,,,0,6,,18515,8,,,0,6,,18516,8,,,0,6,,18517,8,,,0,6,,18518,8,,,0,6,,18519,8,,,0,6,,18520,8,,,0,46,,18521,8,,,0,6,,18522,8,,,0,6,,18523,8,,,0,6,,18524,8,,,0,6,,18525,8,,,0,6,,18526,8,,,0,4,,18527,8,,,0,3,,18528,5,,,0,3,,18529,8,,,0,2,,18530,5,,,0,4,,18531,8,,,0,3,,18532,5,,,0,3,,18533,8,,,0,3,,18534,5,,,0,3,,18535,8,,,0,44,,18536,5,,,0,3,,18537,8,,,0,2,,18538,5,,,0,3,,18539,8,,,0,4,,18540,5,,,0,3,,18541,8,,,0,2,,18542,5,,,0,3,,18543,8,,,0,4,,18544,5,,,0,3,,18545,8,,,0,3,,18546,5,,,0,3,,18547,8,,,0,3,,18548,8,,,0,3,,18549,5,,,0,3,,18550,8,,,0,3,,18551,8,,,0,3,,18552,8,,,0,3,,18553,8,,,0,3,,18554,8,,,0,43,,18555,8,,,0,3,,18556,8,,,0,4,,18557,8,,,0,3,,18558,8,,,0,3,,18559,8,,,0,3,,18560,8,,,0,3,,18561,8,,,0,3,,18562,8,,,0,3,,18563,8,,,0,3,,18564,8,,,0,3,,18565,8,,,0,3,,18566,8,,,0,3,,18567,8,,,0,3,,18568,8,,,0,3,,18569,8,,,0,3,,18570,8,,,0,3,,18571,8,,,0,3,,18572,8,,,0,3,,18573,8,,,0,3,,18574,8,,,0,43,,18575,8,,,0,3,,18576,8,,,0,4,,18577,8,,,0,3,,18578,8,,,0,3,,18579,8,,,0,3,,18580,8,,,0,3,,18581,8,,,0,3,,18582,8,,,0,3,,18583,8,,,0,3,,18584,8,,,0,3,,18585,8,,,0,3,,18586,8,,,0,3,,18587,8,,,0,3,,18588,8,,,0,3,,18589,8,,,0,3,,18590,8,,,0,3,,18591,8,,,0,3,,18592,8,,,0,3,,18593,8,,,0,3,,18594,8,,,0,42,,18595,8,,,0,5,,18596,8,,,0,3,,18597,8,,,0,3,,18598,8,,,0,3,,18599,8,,,0,3,,18600,8,,,0,3,,18601,8,,,0,3,,18602,8,,,0,3,,18603,8,,,0,3,,18604,8,,,0,3,,18605,8,,,0,3,,18606,8,,,0,3,,18607,8,,,0,3,,18608,8,,,0,3,,18609,8,,,0,3,,18610,8,,,0,3,,18611,8,,,0,4,,18612,8,,,0,4,,18613,8,,,0,45,,18614,8,,,0,6,,18615,8,,,0,6,,18616,8,,,0,6,,18617,8,,,0,6,,18618,8,,,0,6,,18619,8,,,0,6,,18620,8,,,0,6,,18621,8,,,0,6,,18622,8,,,0,6,,18623,8,,,0,46,,18624,8,,,0,6,,18625,8,,,0,6,,18626,8,,,0,6,,18627,8,,,0,6,,18628,8,,,0,6,,18629,8,,,0,6,,18630,8,,,0,6,,18631,8,,,0,6,,18632,8,,,0,6,,18633,8,,,0,46,,18634,8,,,0,6,,18635,8,,,0,6,,18636,8,,,0,6,,18637,8,,,0,6,,18638,8,,,0,6,,18639,8,,,0,383,,18640,8,,,0
3005201,'1101',2142,,18352,8,,,0,10,,18353,8,,,0,50,,18354,8,,,0,12,,18355,8,,,0,12,,18356,8,,,0,12,,18357,8,,,0,12,,18358,8,,,0,52,,18359,8,,,0,12,,18360,8,,,0,12,,18361,8,,,0,12,,18362,8,,,0,12,,18363,8,,,0,52,,18364,8,,,0,12,,18365,8,,,0,12,,18366,8,,,0,12,,18367,8,,,0,12,,18368,8,,,0,52,,18369,8,,,0
3005201,'1201',2141,,18370,8,,,0,6,,18371,8,,,0,5,,18372,8,,,0,7,,18373,8,,,0,48,,18374,8,,,0,8,,18375,8,,,0,8,,18376,8,,,0,8,,18377,8,,,0,8,,18378,8,,,0,8,,18379,8,,,0,8,,18380,8,,,0,48,,18381,8,,,0,8,,18382,8,,,0,8,,18383,8,,,0,8,,18384,8,,,0,8,,18385,8,,,0,8,,18386,8,,,0,8,,18387,8,,,0,8,,18388,8,,,0,48,,18389,8,,,0,8,,18390,8,,,0,7,,18391,8,,,0,8,,18392,8,,,0,8,,18393,8,,,0,8,,18394,8,,,0,8,,18395,8,,,0,48,,18396,8,,,0,7,,18397,8,,,0
3005201,'2',614,,18641,2,,,0,8,,18642,8,,,0,8,,18643,8,,,0,8,,18644,8,,,0,8,,18645,8,,,0,8,,18646,8,,,0,48,,18647,8,,,0,8,,18648,8,,,0,8,,18649,8,,,0,8,,18650,8,,,0,7,,18651,8,,,0,8,,18652,8,,,0,8,,18653,8,,,0,8,,18654,8,,,0,48,,18655,8,,,0,8,,18656,8,,,0,8,,18657,8,,,0,8,,18658,8,,,0,8,,18659,8,,,0,7,,18660,8,,,0,4,,18661,5,,,0,5,,18662,8,,,0,5,,18663,8,,,0,44,,18664,8,,,0,6,,18665,8,,,0,7,,18666,8,,,0,7,,18667,8,,,0,4,,18668,8,,,0,6,,18669,8,,,0,7,,18670,8,,,0,7,,18671,8,,,0,4,,18672,8,,,0,6,,18673,8,,,0,46,,18674,8,,,0,7,,18675,8,,,0,6,,18676,8,,,0,6,,18677,8,,,0,6,,18678,8,,,0,6,,18679,8,,,0,6,,18680,8,,,0,6,,18681,8,,,0,6,,18682,8,,,0,6,,18683,8,,,0,46,,18684,8,,,0,6,,18685,8,,,0,6,,18686,8,,,0,6,,18687,8,,,0,6,,18688,8,,,0,6,,18689,8,,,0,6,,18690,8,,,0,6,,18691,8,,,0,6,,18692,8,,,0,6,,18693,8,,,0,46,,18694,8,,,0,6,,18695,8,,,0,6,,18696,8,,,0,6,,18697,8,,,0,6,,18698,8,,,0,6,,18699,8,,,0,6,,18700,8,,,0,6,,18701,8,,,0,6,,18702,8,,,0,6,,18703,8,,,0,46,,18704,8,,,0,6,,18705,8,,,0,6,,18706,8,,,0,6,,18707,8,,,0,6,,18708,8,,,0,6,,18709,8,,,0,6,,18710,8,,,0,6,,18711,8,,,0,6,,18712,8,,,0,6,,18713,8,,,0,46,,18714,8,,,0,6,,18715,8,,,0,6,,18716,8,,,0,6,,18717,8,,,0,6,,18718,8,,,0,6,,18719,8,,,0,6,,18720,8,,,0,6,,18721,8,,,0,6,,18722,8,,,0,6,,18723,8,,,0,46,,18724,8,,,0,6,,18725,8,,,0,6,,18726,8,,,0,6,,18727,8,,,0,6,,18728,8,,,0,6,,18729,8,,,0,6,,18730,8,,,0,6,,18731,8,,,0,6,,18732,8,,,0,6,,18733,8,,,0,46,,18734,8,,,0,6,,18735,8,,,0,6,,18736,8,,,0,6,,18737,8,,,0,6,,18738,8,,,0,6,,18739,8,,,0,6,,18740,8,,,0,6,,18741,8,,,0,6,,18742,8,,,0,6,,18743,8,,,0,46,,18744,8,,,0,6,,18745,8,,,0,6,,18746,8,,,0,6,,18747,8,,,0,6,,18748,8,,,0,6,,18749,8,,,0,6,,18750,8,,,0,6,,18751,8,,,0,6,,18752,8,,,0,6,,18753,8,,,0,46,,18754,8,,,0,6,,18755,8,,,0,6,,18756,8,,,0,6,,18757,8,,,0,6,,18758,8,,,0,6,,18759,8,,,0,6,,18760,8,,,0,6,,18761,8,,,0,6,,18762,8,,,0,6,,18763,8,,,0,46,,18764,8,,,0,6,,18765,8,,,0,6,,18766,8,,,0,6,,18767,8,,,0,6,,18768,8,,,0,6,,18769,8,,,0,6,,18770,8,,,0,6,,18771,8,,,0,6,,18772,8,,,0,6,,18773,8,,,0,46,,18774,8,,,0,6,,18775,8,,,0,6,,18776,8,,,0,6,,18777,8,,,0,6,,18778,8,,,0,6,,18779,8,,,0,6,,18780,8,,,0,6,,18781,8,,,0,6,,18782,8,,,0,6,,18783,8,,,0,46,,18784,8,,,0,6,,18785,8,,,0,6,,18786,8,,,0,6,,18787,8,,,0,4,,18788,8,,,0,6,,18789,8,,,0,7,,18790,8,,,0,8,,18791,8,,,0,8,,18792,8,,,0,48,,18793,8,,,0,8,,18794,8,,,0,8,,18795,8,,,0,8,,18796,8,,,0,8,,18797,8,,,0,8,,18798,8,,,0,8,,18799,8,,,0,8,,18800,8,,,0,48,,18801,8,,,0,8,,18802,8,,,0,8,,18803,8,,,0,8,,18804,8,,,0,8,,18805,8,,,0,8,,18806,8,,,0,8,,18807,8,,,0,48,,18808,8,,,0,8,,18809,8,,,0,8,,18810,8,,,0,8,,18811,8,,,0,8,,18812,8,,,0,8,,18813,8,,,0,8,,18814,8,,,0,8,,18815,8,,,0,49,,18816,8,,,0,9,,18817,8,,,0
3005201,'3',713,,18818,8,,,0,8,,18819,8,,,0,8,,18820,8,,,0,8,,18821,8,,,0,8,,18822,8,,,0,8,,18823,8,,,0,48,,18824,8,,,0,8,,18825,8,,,0,8,,18826,8,,,0,8,,18827,8,,,0,8,,18828,8,,,0,8,,18829,8,,,0,8,,18830,8,,,0,8,,18831,8,,,0,48,,18832,8,,,0,8,,18833,8,,,0,8,,18834,8,,,0,4,,18835,5,,,0,5,,18836,8,,,0,5,,18837,8,,,0,4,,18838,8,,,0,6,,18839,8,,,0,6,,18840,8,,,0,6,,18841,8,,,0,46,,18842,8,,,0,5,,18843,8,,,0,6,,18844,8,,,0,6,,18845,8,,,0,6,,18846,8,,,0,6,,18847,8,,,0,6,,18848,8,,,0,6,,18849,8,,,0,6,,18850,8,,,0,6,,18851,8,,,0,46,,18852,8,,,0,6,,18853,8,,,0,6,,18854,8,,,0,6,,18855,8,,,0,6,,18856,8,,,0,6,,18857,8,,,0,6,,18858,8,,,0,6,,18859,8,,,0,6,,18860,8,,,0,6,,18861,8,,,0,46,,18862,8,,,0,6,,18863,8,,,0,6,,18864,8,,,0,6,,18865,8,,,0,6,,18866,8,,,0,6,,18867,8,,,0,6,,18868,8,,,0,6,,18869,8,,,0,6,,18870,8,,,0,6,,18871,8,,,0,46,,18872,8,,,0,6,,18873,8,,,0,6,,18874,8,,,0,6,,18875,8,,,0,6,,18876,8,,,0,6,,18877,8,,,0,6,,18878,8,,,0,6,,18879,8,,,0,6,,18880,8,,,0,6,,18881,8,,,0,46,,18882,8,,,0,6,,18883,8,,,0,6,,18884,8,,,0,6,,18885,8,,,0,6,,18886,8,,,0,6,,18887,8,,,0,6,,18888,8,,,0,6,,18889,8,,,0,6,,18890,8,,,0,6,,18891,8,,,0,46,,18892,8,,,0,6,,18893,8,,,0,6,,18894,8,,,0,6,,18895,8,,,0,6,,18896,8,,,0,6,,18897,8,,,0,6,,18898,8,,,0,6,,18899,8,,,0,6,,18900,8,,,0,6,,18901,8,,,0,46,,18902,8,,,0,6,,18903,8,,,0,6,,18904,8,,,0,6,,18905,8,,,0,6,,18906,8,,,0,6,,18907,8,,,0,6,,18908,8,,,0,6,,18909,8,,,0,6,,18910,8,,,0,6,,18911,8,,,0,46,,18912,8,,,0,6,,18913,8,,,0,6,,18914,8,,,0,6,,18915,8,,,0,6,,18916,8,,,0,6,,18917,8,,,0,6,,18918,8,,,0,6,,18919,8,,,0,6,,18920,8,,,0,6,,18921,8,,,0,46,,18922,8,,,0,6,,18923,8,,,0,6,,18924,8,,,0,6,,18925,8,,,0,6,,18926,8,,,0,6,,18927,8,,,0,6,,18928,8,,,0,6,,18929,8,,,0,6,,18930,8,,,0,6,,18931,8,,,0,46,,18932,8,,,0,6,,18933,8,,,0,6,,18934,8,,,0,6,,18935,8,,,0,6,,18936,8,,,0,6,,18937,8,,,0,6,,18938,8,,,0,6,,18939,8,,,0,6,,18940,8,,,0,6,,18941,8,,,0,46,,18942,8,,,0,6,,18943,8,,,0,6,,18944,8,,,0,6,,18945,8,,,0,6,,18946,8,,,0,6,,18947,8,,,0,6,,18948,8,,,0,6,,18949,8,,,0,6,,18950,8,,,0,6,,18951,8,,,0,46,,18952,8,,,0,6,,18953,8,,,0,6,,18954,8,,,0,6,,18955,8,,,0,6,,18956,8,,,0,7,,18957,8,,,0,7,,18958,8,,,0,6,,18959,8,,,0,6,,18960,8,,,0,5,,18961,8,,,0,49,,18962,8,,,0,12,,18963,8,,,0,10,,18964,8,,,0,10,,18965,8,,,0,12,,18966,8,,,0,52,,18967,8,,,0,12,,18968,8,,,0,12,,18969,8,,,0,12,,18970,8,,,0,12,,18971,8,,,0,52,,18972,8,,,0,14,,18973,8,,,0
3005300,'1',540,,19078,8,4,,0,12,,19084,8,4,,0,53,,19089,8,4,,0,12,,19094,20,4,,0,12,,19099,20,4,,0,12,,19105,20,4,,0,12,,19111,20,4,,0,53,,19117,20,4,,0,12,,19123,20,4,,0,12,,19129,20,4,,0,12,,19135,20,4,,0,12,,19141,20,4,,0,53,,19147,20,4,,0,12,,19153,20,4,,0,12,,19159,20,4,,0,12,,19165,20,4,,0,12,,19171,20,4,,0,53,,19177,20,4,,0,12,,19183,20,4,,0,12,,19189,20,4,,0,12,,19195,20,4,,0,12,,19201,20,4,,0,53,,19207,20,4,,0,12,,19213,20,4,,0,11,,19217,20,4,,0,12,,19221,20,4,,0,12,,19225,20,4,,0,52,,19229,20,4,,0,12,,19233,20,4,,0,12,,19237,20,4,,0,12,,19241,20,4,,0,12,,19245,20,4,,0,52,,19249,20,4,,0,12,,19253,20,4,,0,12,,19257,20,4,,0,12,,19261,20,4,,0,12,,19265,20,4,,0,52,,19269,20,4,,0,12,,19273,20,4,,0,12,,19277,20,4,,0,12,,19281,20,4,,0,12,,19285,20,4,,0,52,,19289,20,4,,0,12,,19293,20,4,,0,12,,19297,20,4,,0,12,,19301,20,4,,0,12,,19305,20,4,,0,52,,19309,20,4,,0,13,,19313,20,4,,0,13,,19317,20,4,,0,12,,19321,20,4,,0,12,,19327,20,4,,0,52,,19333,20,4,,0,12,,19339,20,4,,0,12,,19345,20,4,,0,13,,19351,20,4,,0,12,,19357,20,4,,0,52,,19363,20,4,,0,12,,19369,20,4,,0,12,,19375,20,4,,0,13,,19381,20,4,,0,52,,19387,20,4,,0,12,,19393,20,4,,0,12,,19399,20,4,,0,12,,19405,20,4,,0,13,,19411,20,4,,0,52,,19417,20,4,,0,12,,19423,20,4,,0,12,,19429,20,4,,0,12,,19435,20,4,,0,12,,19441,20,4,,0,52,,19447,20,4,,0,12,,19451,20,4,,0,12,,19455,20,4,,0,12,,19459,20,4,,0,10,,19463,20,4,,0,12,,19467,20,4,,0,52,,19471,20,4,,0,12,,19475,20,4,,0,12,,19479,20,4,,0,12,,19483,20,4,,0,12,,19487,20,4,,0
3005300,'1101',2211,,18976,20,4,,0,12,,18978,20,4,,0,12,,18980,20,4,,0,12,,18982,20,4,,0,12,,18984,20,4,,0,52,,18986,20,4,,0,12,,18988,20,4,,0,12,,18990,20,4,,0,12,,18992,20,4,,0,12,,18994,20,4,,0,52,,18996,20,4,,0,12,,18998,20,4,,0,12,,19000,20,4,,0,12,,19002,20,4,,0,12,,19004,20,4,,0,52,,19006,20,4,,0,12,,19008,20,4,,0
3005300,'1201',2211,,19017,20,4,,0,12,,19021,20,4,,0,12,,19025,20,4,,0,12,,19029,20,4,,0,12,,19033,20,4,,0,52,,19036,20,4,,0,12,,19039,20,4,,0,12,,19042,20,4,,0,12,,19045,20,4,,0,12,,19048,20,4,,0,52,,19051,20,4,,0,12,,19053,20,4,,0,12,,19056,20,4,,0,15,,19059,20,4,,0,9,,19062,20,4,,0,52,,19065,20,4,,0,13,,19068,20,4,,0
3005300,'2',640,,19491,8,4,,0,11,,19494,8,4,,0,53,,19497,8,4,,0,11,,19500,8,4,,0,13,,19503,20,4,,0,11,,19506,20,4,,0,13,,19509,20,4,,0,51,,19512,20,4,,0,13,,19515,20,4,,0,11,,19519,20,4,,0,13,,19523,20,4,,0,11,,19527,20,4,,0,53,,19531,20,4,,0,12,,19535,20,4,,0,12,,19539,20,4,,0,12,,19543,20,4,,0,12,,19547,20,4,,0,52,,19551,20,4,,0,12,,19555,20,4,,0,12,,19559,20,4,,0,12,,19563,20,4,,0,12,,19567,20,4,,0,52,,19571,20,4,,0,12,,19575,20,4,,0,12,,19579,20,4,,0,12,,19583,20,4,,0,12,,19587,20,4,,0,52,,19591,20,4,,0,12,,19595,20,4,,0,12,,19599,20,4,,0,12,,19603,20,4,,0,12,,19607,20,4,,0,52,,19611,20,4,,0,12,,19615,20,4,,0,12,,19619,20,4,,0,12,,19623,20,4,,0,12,,19627,20,4,,0,52,,19631,20,4,,0,12,,19635,20,4,,0,12,,19639,20,4,,0,12,,19643,20,4,,0,12,,19647,20,4,,0,52,,19651,20,4,,0,12,,19655,20,4,,0,12,,19659,20,4,,0,12,,19663,20,4,,0,12,,19667,20,4,,0,52,,19671,20,4,,0,12,,19675,20,4,,0,12,,19679,20,4,,0,12,,19683,20,4,,0,12,,19687,20,4,,0,52,,19691,20,4,,0,12,,19695,20,4,,0,12,,19699,20,4,,0,12,,19703,20,4,,0,12,,19707,20,4,,0,52,,19711,20,4,,0,12,,19715,20,4,,0,12,,19719,20,4,,0,12,,19723,20,4,,0,12,,19727,20,4,,0,52,,19731,20,4,,0,12,,19735,20,4,,0,12,,19739,20,4,,0,12,,19743,20,4,,0,12,,19747,20,4,,0,52,,19751,20,4,,0,12,,19755,20,4,,0,12,,19759,20,4,,0,12,,19763,20,4,,0,12,,19767,20,4,,0,52,,19771,20,4,,0,12,,19775,20,4,,0,12,,19779,20,4,,0,12,,19783,20,4,,0,12,,19787,20,4,,0,52,,19791,20,4,,0,12,,19795,20,4,,0,12,,19799,20,4,,0,11,,19803,20,4,,0,12,,19807,20,4,,0,52,,19811,20,4,,0,12,,19814,20,4,,0,12,,19817,20,4,,0,12,,19820,20,4,,0,12,,19823,20,4,,0,52,,19826,20,4,,0,12,,19829,20,4,,0,12,,19832,20,4,,0,12,,19835,20,4,,0,12,,19838,20,4,,0,52,,19841,20,4,,0,10,,19844,20,4,,0,14,,19847,20,4,,0
3005300,'3',741,,19858,8,4,,0,12,,19861,8,4,,0,52,,19864,8,4,,0,12,,19867,8,4,,0,12,,19870,20,4,,0,12,,19873,20,4,,0,12,,19876,20,4,,0,52,,19879,20,4,,0,12,,19882,20,4,,0,12,,19886,20,4,,0,12,,19890,20,4,,0,12,,19894,20,4,,0,52,,19898,20,4,,0,12,,19902,20,4,,0,12,,19906,20,4,,0,12,,19910,20,4,,0,12,,19914,20,4,,0,52,,19918,20,4,,0,12,,19922,20,4,,0,12,,19926,20,4,,0,12,,19930,20,4,,0,12,,19934,20,4,,0,52,,19938,20,4,,0,12,,19942,20,4,,0,12,,19946,20,4,,0,12,,19950,20,4,,0,12,,19954,20,4,,0,52,,19958,20,4,,0,12,,19962,20,4,,0,12,,19966,20,4,,0,12,,19970,20,4,,0,12,,19974,20,4,,0,52,,19978,20,4,,0,12,,19982,20,4,,0,12,,19986,20,4,,0,12,,19990,20,4,,0,12,,19994,20,4,,0,52,,19998,20,4,,0,12,,20002,20,4,,0,12,,20006,20,4,,0,12,,20010,20,4,,0,12,,20014,20,4,,0,52,,20018,20,4,,0,12,,20022,20,4,,0,12,,20026,20,4,,0,12,,20030,20,4,,0,12,,20034,20,4,,0,52,,20038,20,4,,0,12,,20042,20,4,,0,12,,20046,20,4,,0,12,,20050,20,4,,0,12,,20054,20,4,,0,52,,20058,20,4,,0,12,,20062,20,4,,0,12,,20066,20,4,,0,12,,20070,20,4,,0,12,,20074,20,4,,0,52,,20078,20,4,,0,12,,20082,20,4,,0,12,,20086,20,4,,0,12,,20090,20,4,,0,12,,20094,20,4,,0,52,,20098,20,4,,0,12,,20102,20,4,,0,12,,20106,20,4,,0,12,,20110,20,4,,0,12,,20114,20,4,,0,52,,20118,20,4,,0,11,,20122,20,4,,0,12,,20126,20,4,,0,9,,20130,20,4,,0,12,,20134,20,4,,0,55,,20137,20,4,,0,12,,20140,20,4,,0,11,,20143,20,4,,0,13,,20145,20,4,,0,12,,20147,20,4,,0,52,,20149,20,4,,0,12,,20151,20,4,,0,12,,20153,20,4,,0,12,,20155,20,4,,0,12,,20157,20,4,,0,52,,20159,20,4,,0,10,,20161,20,4,,0,14,,20163,20,4,,0
