3005200,'1',551,,17750,11,,,0,6,,17753,11,,,0,46,,17757,11,,,0,7,,17759,11,,,0,6,,17761,11,,,0,6,,17763,11,,,0,6,,17765,11,,,0,3,,17766,11,,,0,3,,17767,11,,,0,4,,17768,11,,,0,2,,17769,11,,,0,3,,17770,11,,,0,3,,17771,11,,,0,4,,17772,11,,,0,2,,17773,11,,,0,3,,17774,11,,,0,3,,17775,11,,,0,44,,17776,11,,,0,2,,17777,11,,,0,3,,17778,11,,,0,4,,17779,11,,,0,3,,17780,11,,,0,3,,17781,11,,,0,3,,17782,11,,,0,3,,17783,11,,,0,4,,17784,11,,,0,2,,17785,11,,,0,3,,17786,11,,,0,3,,17787,11,,,0,4,,17788,11,,,0,2,,17789,11,,,0,3,,17790,11,,,0,3,,17791,11,,,0,4,,17792,11,,,0,2,,17793,11,,,0,3,,17794,11,,,0,3,,17795,11,,,0,44,,17796,11,,,0,2,,17797,11,,,0,3,,17798,11,,,0,4,,17799,11,,,0,3,,17800,11,,,0,3,,17801,11,,,0,3,,17802,11,,,0,3,,17803,11,,,0,4,,17804,11,,,0,2,,17805,11,,,0,3,,17806,11,,,0,3,,17807,11,,,0,4,,17808,11,,,0,2,,17809,11,,,0,3,,17810,11,,,0,3,,17811,11,,,0,4,,17812,11,,,0,2,,17813,11,,,0,3,,17814,11,,,0,43,,17815,11,,,0,4,,17816,11,,,0,2,,17817,11,,,0,3,,17818,11,,,0,4,,17819,11,,,0,3,,17820,11,,,0,3,,17821,11,,,0,3,,17822,11,,,0,3,,17823,11,,,0,4,,17824,11,,,0,2,,17825,11,,,0,3,,17826,11,,,0,3,,17827,11,,,0,4,,17828,11,,,0,3,,17829,11,,,0,3,,17830,11,,,0,2,,17831,11,,,0,5,,17832,11,,,0,5,,17833,11,,,0,46,,17834,11,,,0,6,,17835,11,,,0,6,,17836,11,,,0,6,,17837,11,,,0,6,,17838,11,,,0,6,,17839,11,,,0,6,,17840,11,,,0,6,,17841,11,,,0,6,,17842,11,,,0,6,,17843,11,,,0,46,,17844,11,,,0,6,,17845,11,,,0,6,,17846,11,,,0,6,,17847,11,,,0,6,,17848,11,,,0,6,,17849,11,,,0,6,,17850,11,,,0,6,,17851,11,,,0,6,,17852,11,,,0,6,,17853,11,,,0,46,,17854,11,,,0,6,,17855,11,,,0,6,,17856,11,,,0,6,,17857,11,,,0,6,,17858,11,,,0,6,,17859,11,,,0,6,,17860,11,,,0,6,,17861,11,,,0,6,,17862,11,,,0,6,,17863,11,,,0,46,,17864,11,,,0,6,,17865,11,,,0,6,,17866,11,,,0,6,,17867,11,,,0,6,,17868,11,,,0,6,,17869,11,,,0,6,,17870,11,,,0,6,,17871,11,,,0,6,,17872,11,,,0,6,,17873,11,,,0,46,,17874,11,,,0,6,,17875,11,,,0,6,,17876,11,,,0,6,,17877,11,,,0,6,,17878,11,,,0,6,,17879,11,,,0,6,,17880,11,,,0,6,,17881,11,,,0,6,,17882,11,,,0,6,,17883,11,,,0,46,,17884,11,,,0,5,,17885,11,,,0,3,,17886,11,,,0,4,,17887,11,,,0,3,,17888,11,,,0,3,,17889,11,,,0,3,,17890,11,,,0,3,,17891,11,,,0,4,,17892,11,,,0,3,,17893,11,,,0,3,,17894,11,,,0,3,,17895,11,,,0,3,,17896,11,,,0,3,,17897,11,,,0,2,,17898,11,,,0,5,,17899,11,,,0,2,,17900,11,,,0,43,,17901,11,,,0,3,,17902,11,,,0,4,,17903,11,,,0,2,,17904,11,,,0,3,,17905,11,,,0,3,,17906,11,,,0,4,,17907,11,,,0,2,,17908,11,,,0,3,,17909,11,,,0,3,,17910,11,,,0,4,,17911,11,,,0,3,,17912,11,,,0,3,,17913,11,,,0,2,,17914,11,,,0,4,,17915,11,,,0,3,,17916,11,,,0,3,,17917,11,,,0,2,,17918,11,,,0,5,,17919,11,,,0,2,,17920,11,,,0,43,,17921,11,,,0,3,,17922,11,,,0,4,,17923,11,,,0,2,,17924,11,,,0,3,,17925,11,,,0,3,,17926,11,,,0,4,,17927,11,,,0,2,,17928,11,,,0,3,,17929,11,,,0,3,,17930,11,,,0,4,,17931,11,,,0,3,,17932,11,,,0,3,,17933,11,,,0,2,,17934,11,,,0,4,,17935,11,,,0,3,,17936,11,,,0,3,,17937,11,,,0,2,,17938,11,,,0,5,,17939,11,,,0,2,,17940,11,,,0,43,,17941,11,,,0,3,,17942,11,,,0,4,,17943,11,,,0,2,,17944,11,,,0,3,,17945,11,,,0,3,,17946,11,,,0,4,,17947,11,,,0,2,,17948,11,,,0,3,,17949,11,,,0,3,,17950,11,,,0,4,,17951,11,,,0,3,,17952,11,,,0,3,,17953,11,,,0,2,,17954,11,,,0,4,,17955,11,,,0,3,,17956,11,,,0,3,,17957,11,,,0,2,,17958,11,,,0,4,,17959,11,,,0,43,,17960,11,,,0,3,,17961,11,,,0,2,,17962,11,,,0,4,,17963,11,,,0,3,,17964,11,,,0,3,,17965,11,,,0,2,,17966,11,,,0,4,,17967,11,,,0,3,,17968,11,,,0,3,,17969,11,,,0,3,,17970,11,,,0,4,,17971,11,,,0,5,,17972,11,,,0,6,,17973,11,,,0,6,,17974,11,,,0,6,,17975,11,,,0,46,,17976,11,,,0,6,,17977,11,,,0,6,,17978,11,,,0,6,,17979,11,,,0,6,,17980,11,,,0,6,,17981,11,,,0,6,,17982,11,,,0,6,,17983,11,,,0,5,,17984,11,,,0,6,,17985,11,,,0,46,,17986,11,,,0,6,,17987,11,,,0,6,,17988,11,,,0,6,,17989,11,,,0,6,,17990,11,,,0,6,,17991,11,,,0,6,,17992,11,,,0,6,,17993,11,,,0,6,,17994,11,,,0,6,,17995,11,,,0,46,,17996,11,,,0,6,,17997,11,,,0,335,,17998,11,,,0,6,,17999,11,4,,0
3005200,'1101',2215,,17693,11,,,0,7,,17694,11,,,0,10,,17695,11,,,0,12,,17696,11,,,0,12,,17697,11,,,0,52,,17698,11,,,0,12,,17699,11,,,0,12,,17700,11,,,0,12,,17701,11,,,0,12,,17702,11,,,0,52,,17703,11,,,0,12,,17704,11,,,0,13,,17705,11,,,0,11,,17706,11,,,0,12,,17707,11,,,0,52,,17708,11,,,0,12,,17709,11,,,0,12,,17710,11,,,0
3005200,'1201',2214,,17711,11,,,0,6,,17712,11,,,0,5,,17713,11,,,0,7,,17714,11,,,0,8,,17715,11,,,0,8,,17716,11,,,0,8,,17717,11,,,0,48,,17718,11,,,0,8,,17719,11,,,0,8,,17720,11,,,0,8,,17721,11,,,0,8,,17722,11,,,0,8,,17723,11,,,0,8,,17724,11,,,0,48,,17725,11,,,0,8,,17726,11,,,0,8,,17727,11,,,0,8,,17728,11,,,0,9,,17729,11,,,0,7,,17730,11,,,0,10,,17731,11,,,0,8,,17732,11,,,0,47,,17733,11,,,0,9,,17734,11,,,0,8,,17735,11,,,0,6,,17736,11,,,0,7,,17737,11,,,0
3005200,'2',650,,18007,11,,,0,5,,18009,11,,,0,49,,18010,11,,,0,8,,18011,11,,,0,8,,18012,11,,,0,8,,18013,11,,,0,8,,18014,11,,,0,8,,18015,11,,,0,8,,18016,11,,,0,48,,18017,11,,,0,8,,18018,11,,,0,8,,18019,11,,,0,8,,18020,11,,,0,8,,18022,11,,,0,8,,18023,11,,,0,8,,18024,11,,,0,8,,18026,11,,,0,48,,18027,11,,,0,8,,18028,11,,,0,8,,18030,11,,,0,6,,18031,11,,,0,6,,18032,11,,,0,6,,18033,11,,,0,6,,18034,11,,,0,6,,18035,11,,,0,6,,18036,11,,,0,46,,18037,11,,,0,6,,18038,11,,,0,6,,18039,11,,,0,6,,18040,11,,,0,6,,18041,11,,,0,6,,18042,11,,,0,6,,18043,11,,,0,6,,18044,11,,,0,6,,18045,11,,,0,6,,18046,11,,,0,46,,18047,11,,,0,6,,18048,11,,,0,6,,18049,11,,,0,6,,18050,11,,,0,6,,18051,11,,,0,6,,18052,11,,,0,6,,18053,11,,,0,6,,18054,11,,,0,6,,18055,11,,,0,6,,18056,11,,,0,46,,18057,11,,,0,6,,18058,11,,,0,6,,18059,11,,,0,6,,18060,11,,,0,6,,18061,11,,,0,6,,18062,11,,,0,6,,18063,11,,,0,6,,18064,11,,,0,6,,18065,11,,,0,6,,18066,11,,,0,46,,18067,11,,,0,6,,18068,11,,,0,6,,18069,11,,,0,6,,18070,11,,,0,6,,18071,11,,,0,6,,18072,11,,,0,6,,18073,11,,,0,6,,18074,11,,,0,6,,18075,11,,,0,6,,18076,11,,,0,46,,18077,11,,,0,6,,18078,11,,,0,6,,18079,11,,,0,6,,18080,11,,,0,6,,18081,11,,,0,6,,18082,11,,,0,6,,18083,11,,,0,6,,18084,11,,,0,6,,18085,11,,,0,6,,18086,11,,,0,46,,18087,11,,,0,6,,18088,11,,,0,6,,18089,11,,,0,6,,18090,11,,,0,6,,18091,11,,,0,6,,18092,11,,,0,6,,18093,11,,,0,6,,18094,11,,,0,6,,18095,11,,,0,6,,18096,11,,,0,46,,18097,11,,,0,6,,18098,11,,,0,6,,18099,11,,,0,6,,18100,11,,,0,6,,18101,11,,,0,6,,18102,11,,,0,6,,18103,11,,,0,6,,18104,11,,,0,6,,18105,11,,,0,6,,18106,11,,,0,46,,18107,11,,,0,6,,18108,11,,,0,6,,18109,11,,,0,6,,18110,11,,,0,6,,18111,11,,,0,6,,18112,11,,,0,6,,18113,11,,,0,6,,18114,11,,,0,6,,18115,11,,,0,6,,18116,11,,,0,46,,18117,11,,,0,6,,18118,11,,,0,6,,18119,11,,,0,6,,18120,11,,,0,6,,18121,11,,,0,6,,18122,11,,,0,6,,18123,11,,,0,6,,18124,11,,,0,6,,18125,11,,,0,6,,18126,11,,,0,46,,18127,11,,,0,6,,18128,11,,,0,6,,18129,11,,,0,6,,18130,11,,,0,6,,18131,11,,,0,6,,18132,11,,,0,6,,18133,11,,,0,6,,18134,11,,,0,6,,18135,11,,,0,6,,18136,11,,,0,46,,18137,11,,,0,6,,18138,11,,,0,6,,18139,11,,,0,6,,18140,11,,,0,6,,18141,11,,,0,6,,18142,11,,,0,6,,18143,11,,,0,6,,18144,11,,,0,6,,18145,11,,,0,6,,18146,11,,,0,46,,18147,11,,,0,6,,18148,11,,,0,6,,18149,11,,,0,6,,18150,11,,,0,6,,18151,11,,,0,6,,18152,11,,,0,6,,18153,11,,,0,6,,18154,11,,,0,6,,18155,11,,,0,6,,18156,11,,,0,48,,18157,11,,,0,8,,18158,11,,,0,8,,18159,11,,,0,8,,18160,11,,,0,8,,18161,11,,,0,8,,18162,11,,,0,8,,18163,11,,,0,48,,18164,11,,,0,8,,18165,11,,,0,8,,18166,11,,,0,8,,18167,11,,,0,8,,18168,11,,,0,8,,18169,11,,,0,8,,18170,11,,,0,8,,18171,11,,,0,48,,18172,11,,,0,8,,18173,11,,,0,8,,18174,11,,,0,8,,18175,11,,,0,8,,18176,11,,,0,8,,18177,11,,,0,8,,18178,11,,,0,48,,18179,11,,,0,8,,18180,11,,,0,8,,18181,11,,,0,8,,18182,11,,,0,8,,18183,11,,,0,11,,18184,11,,,0,6,,18185,11,4,,0
3005200,'3',750,,18194,11,,,0,7,,18196,11,,,0,47,,18197,11,,,0,8,,18198,11,,,0,8,,18199,11,,,0,8,,18200,11,,,0,8,,18201,11,,,0,8,,18202,11,,,0,8,,18203,11,,,0,48,,18204,11,,,0,8,,18206,11,,,0,9,,18207,11,,,0,8,,18209,11,,,0,6,,18210,11,,,0,6,,18211,11,,,0,6,,18212,11,,,0,6,,18213,11,,,0,6,,18214,11,,,0,47,,18215,11,,,0,5,,18216,11,,,0,6,,18217,11,,,0,6,,18218,11,,,0,6,,18219,11,,,0,6,,18220,11,,,0,6,,18221,11,,,0,6,,18222,11,,,0,6,,18223,11,,,0,6,,18224,11,,,0,46,,18225,11,,,0,6,,18226,11,,,0,6,,18227,11,,,0,6,,18228,11,,,0,6,,18229,11,,,0,6,,18230,11,,,0,6,,18231,11,,,0,6,,18232,11,,,0,6,,18233,11,,,0,6,,18234,11,,,0,46,,18235,11,,,0,6,,18236,11,,,0,6,,18237,11,,,0,6,,18238,11,,,0,6,,18239,11,,,0,6,,18240,11,,,0,6,,18241,11,,,0,6,,18242,11,,,0,6,,18243,11,,,0,6,,18244,11,,,0,46,,18245,11,,,0,6,,18246,11,,,0,6,,18247,11,,,0,6,,18248,11,,,0,6,,18249,11,,,0,6,,18250,11,,,0,6,,18251,11,,,0,6,,18252,11,,,0,6,,18253,11,,,0,6,,18254,11,,,0,46,,18255,11,,,0,6,,18256,11,,,0,6,,18257,11,,,0,6,,18258,11,,,0,6,,18259,11,,,0,6,,18260,11,,,0,6,,18261,11,,,0,6,,18262,11,,,0,6,,18263,11,,,0,6,,18264,11,,,0,46,,18265,11,,,0,6,,18266,11,,,0,6,,18267,11,,,0,6,,18268,11,,,0,6,,18269,11,,,0,6,,18270,11,,,0,6,,18271,11,,,0,6,,18272,11,,,0,6,,18273,11,,,0,6,,18274,11,,,0,46,,18275,11,,,0,6,,18276,11,,,0,6,,18277,11,,,0,6,,18278,11,,,0,6,,18279,11,,,0,6,,18280,11,,,0,6,,18281,11,,,0,6,,18282,11,,,0,6,,18283,11,,,0,6,,18284,11,,,0,46,,18285,11,,,0,6,,18286,11,,,0,6,,18287,11,,,0,6,,18288,11,,,0,6,,18289,11,,,0,6,,18290,11,,,0,6,,18291,11,,,0,6,,18292,11,,,0,6,,18293,11,,,0,6,,18294,11,,,0,46,,18295,11,,,0,6,,18296,11,,,0,6,,18297,11,,,0,6,,18298,11,,,0,6,,18299,11,,,0,6,,18300,11,,,0,6,,18301,11,,,0,6,,18302,11,,,0,6,,18303,11,,,0,6,,18304,11,,,0,46,,18305,11,,,0,6,,18306,11,,,0,6,,18307,11,,,0,6,,18308,11,,,0,6,,18309,11,,,0,6,,18310,11,,,0,6,,18311,11,,,0,6,,18312,11,,,0,6,,18313,11,,,0,6,,18314,11,,,0,46,,18315,11,,,0,6,,18316,11,,,0,6,,18317,11,,,0,6,,18318,11,,,0,6,,18319,11,,,0,6,,18320,11,,,0,6,,18321,11,,,0,6,,18322,11,,,0,6,,18323,11,,,0,6,,18324,11,,,0,47,,18325,11,,,0,6,,18326,11,,,0,6,,18327,11,,,0,7,,18328,11,,,0,7,,18329,11,,,0,8,,18330,11,,,0,4,,18331,11,,,0,8,,18332,11,,,0,5,,18333,11,,,0,47,,18334,11,,,0,8,,18335,11,,,0,6,,18336,11,,,0,6,,18337,11,,,0,6,,18338,11,,,0,6,,18339,11,,,0,12,,18340,11,,,0,12,,18341,11,,,0,52,,18342,11,,,0,12,,18343,11,,,0,12,,18344,11,,,0,12,,18345,11,,,0,12,,18346,11,,,0,52,,18347,11,,,0,11,,18348,11,,,0,12,,18349,11,,,0,11,,18350,11,,,0,7,,18351,11,4,,0
3005301,'1',510,,20290,2,,,0,6,,20296,2,,,0,6,,20298,2,,,0,13,,20303,2,,,0,11,,20307,2,,,0,13,,20312,2,,,0,52,,20317,2,,,0,12,,20322,2,,,0,12,,20328,2,,,0,12,,20334,2,,,0,53,,20340,2,,,0,12,,20346,2,,,0,12,,20352,2,,,0,12,,20358,2,,,0,12,,20364,2,,,0,53,,20370,2,,,0,12,,20376,2,,,0,12,,20382,2,,,0,12,,20388,2,,,0,12,,20394,2,,,0,53,,20400,2,,,0,12,,20405,2,,,0,12,,20410,2,,,0,12,,20415,2,,,0,13,,20419,2,,,0,52,,20423,2,,,0,12,,20427,2,,,0,12,,20431,2,,,0,11,,20435,2,,,0,12,,20439,2,,,0,52,,20443,2,,,0,12,,20447,2,,,0,12,,20451,2,,,0,12,,20455,2,,,0,12,,20459,2,,,0,52,,20463,2,,,0,12,,20467,2,,,0,12,,20471,2,,,0,12,,20475,2,,,0,12,,20479,2,,,0,52,,20483,2,,,0,12,,20487,2,,,0,12,,20491,2,,,0,12,,20495,2,,,0,12,,20499,2,,,0,52,,20503,2,,,0,12,,20507,2,,,0,12,,20512,2,,,0,12,,20518,2,,,0,12,,20524,2,,,0,52,,20530,2,,,0,13,,20536,2,,,0,12,,20542,2,,,0,13,,20548,2,,,0,12,,20554,2,,,0,52,,20560,2,,,0,12,,20566,2,,,0,13,,20572,2,,,0,12,,20578,2,,,0,12,,20584,2,,,0,52,,20590,2,,,0,12,,20596,2,,,0,13,,20602,2,,,0,12,,20608,2,,,0,12,,20614,2,,,0,52,,20620,2,,,0,12,,20626,2,,,0,13,,20632,2,,,0,12,,20637,2,,,0,12,,20641,2,,,0,52,,20645,2,,,0,12,,20649,2,,,0,13,,20653,2,,,0,11,,20657,2,,,0,12,,20661,2,,,0,52,,20665,2,,,0,12,,20669,2,,,0,12,,20673,2,,,0,12,,20677,2,,,0,474,,20678,2,0,13 14,0,13,,20681,2,0,13 14,0
3005301,'1101',2053,,20171,2,,,0,54,,20173,2,,,0,10,,20175,2,,,0,12,,20177,2,,,0,12,,20179,2,,,0,12,,20181,2,,,0,52,,20183,2,,,0,12,,20185,2,,,0,12,,20187,2,,,0,12,,20189,2,,,0,12,,20191,2,,,0,52,,20193,2,,,0,12,,20195,2,,,0,12,,20197,2,,,0,12,,20199,2,,,0,12,,20201,2,,,0,52,,20203,2,,,0,12,,20205,2,,,0,15,,20207,2,,,0,11,,20209,2,0,13 14,0,10,,20211,2,0,13 14,0,52,,20213,2,0,13 14,0
3005301,'1201',2055,,20218,2,,,0,52,,20222,2,,,0,11,,20226,2,,,0,12,,20230,2,,,0,12,,20233,2,,,0,12,,20236,2,,,0,52,,20239,2,,,0,12,,20242,2,,,0,12,,20245,2,,,0,12,,20248,2,,,0,12,,20251,2,,,0,52,,20254,2,,,0,12,,20257,2,,,0,12,,20260,2,,,0,12,,20263,2,,,0,12,,20266,2,,,0,52,,20269,2,,,0,12,,20272,2,,,0,15,,20275,2,,,0,10,,20278,2,0,13 14,0,11,,20281,2,0,13 14,0,52,,20284,2,0,13 14,0
3005301,'2',610,,20685,2,,,0,12,,20688,2,,,0,12,,20691,2,,,0,12,,20694,2,,,0,12,,20697,2,,,0,52,,20700,2,,,0,12,,20703,2,,,0,12,,20706,2,,,0,12,,20709,2,,,0,12,,20712,2,,,0,52,,20715,2,,,0,12,,20719,2,,,0,12,,20723,2,,,0,12,,20727,2,,,0,12,,20731,2,,,0,52,,20735,2,,,0,12,,20739,2,,,0,12,,20743,2,,,0,12,,20747,2,,,0,12,,20751,2,,,0,52,,20755,2,,,0,12,,20759,2,,,0,12,,20763,2,,,0,12,,20767,2,,,0,12,,20771,2,,,0,52,,20775,2,,,0,12,,20779,2,,,0,12,,20783,2,,,0,12,,20787,2,,,0,12,,20791,2,,,0,52,,20795,2,,,0,12,,20799,2,,,0,12,,20803,2,,,0,12,,20807,2,,,0,12,,20811,2,,,0,52,,20815,2,,,0,12,,20819,2,,,0,12,,20823,2,,,0,12,,20827,2,,,0,12,,20831,2,,,0,52,,20835,2,,,0,12,,20839,2,,,0,12,,20843,2,,,0,12,,20847,2,,,0,12,,20851,2,,,0,52,,20855,2,,,0,12,,20859,2,,,0,12,,20863,2,,,0,12,,20867,2,,,0,12,,20871,2,,,0,52,,20875,2,,,0,12,,20879,2,,,0,12,,20883,2,,,0,12,,20887,2,,,0,12,,20891,2,,,0,52,,20895,2,,,0,12,,20899,2,,,0,12,,20903,2,,,0,12,,20907,2,,,0,12,,20911,2,,,0,52,,20915,2,,,0,12,,20919,2,,,0,12,,20923,2,,,0,12,,20927,2,,,0,12,,20931,2,,,0,52,,20935,2,,,0,12,,20939,2,,,0,12,,20943,2,,,0,12,,20947,2,,,0,12,,20951,2,,,0,52,,20955,2,,,0,12,,20959,2,,,0,12,,20963,2,,,0,12,,20967,2,,,0,12,,20971,2,,,0,52,,20975,2,,,0,12,,20979,2,,,0,12,,20983,2,,,0,12,,20986,2,,,0,12,,20989,2,,,0,52,,20992,2,,,0,12,,20995,2,,,0,12,,20998,2,,,0,12,,21001,2,,,0,12,,21004,2,,,0,52,,21007,2,,,0,12,,21010,2,,,0,12,,21013,2,,,0,12,,21016,2,,,0,12,,21019,2,,,0,52,,21022,2,,,0,12,,21025,2,,,0,12,,21028,2,,,0,12,,21031,2,0,13 14,0,12,,21034,2,0,13 14,0,52,,21037,2,0,13 14,0,12,,21040,2,0,13 14,0,12,,21042,2,0,13 14,0
3005301,'3',711,,21047,2,,,0,12,,21050,2,,,0,12,,21053,2,,,0,12,,21056,2,,,0,12,,21059,2,,,0,52,,21062,2,,,0,12,,21065,2,,,0,12,,21068,2,,,0,12,,21071,2,,,0,12,,21074,2,,,0,52,,21077,2,,,0,12,,21081,2,,,0,12,,21085,2,,,0,12,,21089,2,,,0,12,,21093,2,,,0,52,,21097,2,,,0,12,,21101,2,,,0,12,,21105,2,,,0,12,,21109,2,,,0,12,,21113,2,,,0,52,,21117,2,,,0,12,,21121,2,,,0,12,,21125,2,,,0,12,,21129,2,,,0,12,,21133,2,,,0,52,,21137,2,,,0,12,,21141,2,,,0,12,,21145,2,,,0,12,,21149,2,,,0,12,,21153,2,,,0,52,,21157,2,,,0,12,,21161,2,,,0,12,,21165,2,,,0,12,,21169,2,,,0,12,,21173,2,,,0,52,,21177,2,,,0,12,,21181,2,,,0,12,,21185,2,,,0,12,,21189,2,,,0,12,,21193,2,,,0,52,,21197,2,,,0,12,,21201,2,,,0,12,,21205,2,,,0,12,,21209,2,,,0,12,,21213,2,,,0,52,,21217,2,,,0,12,,21221,2,,,0,12,,21225,2,,,0,12,,21229,2,,,0,12,,21233,2,,,0,52,,21237,2,,,0,12,,21241,2,,,0,12,,21245,2,,,0,12,,21249,2,,,0,12,,21253,2,,,0,52,,21257,2,,,0,12,,21261,2,,,0,12,,21265,2,,,0,12,,21269,2,,,0,12,,21273,2,,,0,52,,21277,2,,,0,12,,21281,2,,,0,12,,21285,2,,,0,12,,21289,2,,,0,12,,21293,2,,,0,52,,21297,2,,,0,12,,21301,2,,,0,12,,21305,2,,,0,12,,21309,2,,,0,12,,21312,2,,,0,52,,21315,2,,,0,11,,21317,2,,,0,12,,21319,2,,,0,12,,21321,2,,,0,12,,21323,2,,,0,52,,21325,2,,,0,12,,21327,2,,,0,12,,21329,2,,,0,12,,21331,2,,,0,12,,21333,2,,,0,52,,21335,2,,,0,12,,21337,2,,,0,12,,21339,2,,,0,12,,21341,2,,,0,12,,21343,2,0,13 14,0,52,,21345,2,0,13 14,0,12,,21347,2,0,13 14,0,12,,21349,2,0,13 14,0
